1 0.152083 0.472656 0.029167 0.054688
1 0.216667 0.467969 0.029167 0.054688
1 0.411458 0.459375 0.035417 0.065625
22 0.572917 0.446094 0.045833 0.073438
14 0.831250 0.431250 0.062500 0.078125
18 0.694792 0.442188 0.160417 0.068750
18 0.297917 0.466406 0.116667 0.054688
18 0.061458 0.479687 0.085417 0.056250
4 0.525000 0.570312 0.012500 0.018750
4 0.536458 0.574219 0.014583 0.020313
5 0.554167 0.575781 0.020833 0.020313
23 0.122917 0.482031 0.020833 0.020313
24 0.185417 0.478125 0.025000 0.015625
24 0.370833 0.468750 0.033333 0.025000
