1 0.153125 0.471094 0.031250 0.059375
1 0.216146 0.467187 0.034375 0.057813
1 0.411458 0.455469 0.041667 0.059375
22 0.572917 0.446875 0.037500 0.070312
14 0.825521 0.432031 0.051042 0.073438
18 0.689063 0.439453 0.163542 0.061719
18 0.298958 0.464844 0.106250 0.050000
24 0.373958 0.469141 0.022917 0.022656
24 0.184896 0.482422 0.015625 0.021094
23 0.118229 0.481641 0.021875 0.019531
4 0.521875 0.566016 0.008333 0.019531
4 0.537500 0.567969 0.014583 0.018750
5 0.550521 0.573438 0.015625 0.020313
18 0.063542 0.476953 0.091667 0.053906
